017 39 073
043 45 172
013 28 073
034 35 165
001 22 087
028 42 179
024 42 053
034 44 157
001 23 099
043 46 185
072 46 112
110 40 083
144 39 179
114 27 072
138 41 185
129 28 091
139 42 151
115 48 094
133 40 174
116 20 053
127 36 199
179 46 153
217 38 078
238 48 181
224 33 065
239 43 186
220 49 065
239 44 151
215 25 055
229 41 198
210 43 055
227 47 166
266 47 138
308 41 097
336 43 187
301 27 097
339 44 159
301 25 075
340 43 192
316 28 062
325 42 194
325 45 068
338 45 156
377 42 165
418 42 067
426 35 162
422 31 090
436 43 157
410 40 090
444 40 156
402 48 095
444 44 173
412 40 055
431 38 156
473 40 138